4294967278,132
4294967278,131
4294967278,130
4294967278,129
4294967278,128
4294967278,127
4294967278,126
4294967278,125
4294967278,124
4294967278,123
4294967278,122
4294967278,121
4294967278,120
4294967278,119
4294967278,118
4294967278,117
4294967278,116
4294967278,115
4294967278,114
4294967278,113
4294967278,112
4294967278,111
4294967278,110
4294967278,109
4294967278,108
4294967278,107
4294967278,106
4294967278,105
4294967278,104
4294967278,103
4294967278,102
4294967278,101
4294967278,100
4294967278,99
4294967278,98
4294967278,97
4294967278,96
4294967278,95
4294967278,94
4294967278,93
4294967278,92
4294967278,91
4294967278,90
4294967278,89
4294967278,87
4294967278,86
4294967278,85
4294967278,84
4294967278,83
4294967278,82
4294967278,81
4294967278,80
4294967278,79
4294967278,78
4294967278,77
4294967278,76
4294967278,75
4294967278,74
4294967278,73
4294967278,72
4294967278,71
4294967278,70
4294967278,69
4294967278,68
4294967278,67
4294967278,66
4294967278,65
4294967278,64
4294967278,63
4294967278,62
4294967278,61
4294967278,60
4294967278,59
4294967278,58
4294967278,57
4294967278,56
4294967278,55
4294967278,54
4294967278,53
4294967278,52
4294967278,51
4294967278,50
4294967278,49
4294967278,48
4294967278,47
4294967278,46
4294967278,45
4294967278,44
4294967278,41
4294967278,40
4294967278,39
4294967278,38
4294967278,37
4294967278,36
4294967278,35
4294967278,34
4294967278,31
4294967278,30
4294967278,29
4294967278,28
4294967278,25
4294967278,24
4294967278,23
4294967278,22
4294967278,21
4294967278,20
4294967278,273
4294967278,19
4294967278,18
4294967278,17
4294967278,16
4294967278,15
4294967278,14
4294967278,13
4294967278,12
4294967278,11
4294967278,10
4294967278,9
4294967278,8
4294967278,7
4294967278,6
4294967278,5
4294967278,4
4294967279,132
4294967279,131
4294967279,130
4294967279,129
4294967279,128
4294967279,127
4294967279,126
4294967279,125
4294967279,124
4294967279,123
4294967279,122
4294967279,121
4294967279,120
4294967279,119
4294967279,118
4294967279,117
4294967279,116
4294967279,115
4294967279,114
4294967279,113
4294967279,112
4294967279,111
4294967279,110
4294967279,109
4294967279,108
4294967279,107
4294967279,106
4294967279,105
4294967279,104
4294967279,103
4294967279,102
4294967279,101
4294967279,100
4294967279,99
4294967279,21
4294967279,19
4294967279,18
4294967279,17
4294967279,16
4294967279,15
4294967279,14
4294967279,13
4294967279,12
4294967279,11
4294967279,10
4294967279,9
4294967279,8
4294967279,7
4294967279,6
4294967279,5
4294967279,4
4294967278,290
4294967278,43
4294967278,289
4294967278,42
4294967278,153
4294967294,22
4294967278,152
4294967278,151
3,6
3,5
4294967278,150
3,4
3,3
3,2
3,1
4294967278,149
4294967294,430
4294967294,187
4294967294,107
4294967278,148
4294967294,7
4294967294,6
4294967294,94
4294967294,93
4294967294,96
4294967294,95
4294967278,147
2,5
2,4
4294967278,146
2,3
2,2
2,1
4294967278,288
4294967278,33
4294967294,9
0,7
4294967294,393
4294967294,45
4294967294,44
4294967294,426
4294967294,53
4294967294,417
4294967294,395
4294967294,396
4294967294,399
4294967294,419
4294967294,186
4294967294,385
4294967294,179
4294967294,407
4294967294,403
4294967294,420
4294967294,384
4294967294,425
4294967294,189
4294967294,402
4294967294,466
4294967294,169
4294967294,2
4294967294,1216
4294967294,29
4294967294,413
4294967294,28
4294967294,1087
4294967294,27
4294967294,91
4294967294,90
4294967294,88
4294967294,87
4294967294,86
4294967294,85
4294967294,1419
4294967294,1418
4294967294,46
4294967278,145
4294967294,1163
4294967278,287
4294967278,32
4294967278,143
4294967278,142
4294967294,589
4294967294,443
4294967278,286
4294967278,27
4294967294,590
4294967278,285
4294967278,26
4294967278,276
4294967278,136
4294967294,587
4294967294,588
4294967294,5
0,5
4294967294,69
4294967278,134
4294967294,68
4294967279,22
4294967294,1417
4294967294,89
4294967294,1056
4294967279,133
4294967294,1055
4294967294,431
4294967279,134
4294967278,133
4294967294,446
4294967294,433
4294967294,103
4294967294,66
4294967294,388
4294967294,166
4294967294,168
4294967294,161
4294967294,165
4294967294,24
4294967294,25
4294967294,113
4294967294,17
4294967294,42
4294967294,67
4294967294,99
4294967294,76
4294967294,36
4294967294,39
4294967294,41
4294967294,115
4294967294,43
4294967294,387
4294967294,51
4294967294,52
4294967294,112
4294967294,167
4294967294,26
4294967294,162
4294967294,92
4294967294,584
4294967294,444
4294967294,428
4294967294,429
4294967294,602
4294967294,423
4294967278,284
4294967278,260
4294967278,0
4294967294,427
4294967279,20
4294967294,422
4294967294,82
4294967294,84
4294967294,8
4294967294,104
4294967294,105
4294967294,1511
4294967279,543
4294967279,275
4294967294,1510
4294967294,1509
4294967294,1416
4294967279,542
4294967294,1508
4294967279,541
4294967294,1507
4294967279,540
4294967294,1506
4294967294,1505
4294967279,539
4294967294,1504
4294967279,538
4294967294,1503
4294967294,1415
4294967279,537
4294967294,1414
4294967294,1502
4294967294,1501
4294967279,536
4294967294,1500
4294967279,535
4294967294,1499
4294967279,534
4294967294,1498
4294967294,1497
4294967279,533
4294967294,1496
4294967279,532
4294967294,1495
4294967294,583
4294967294,1071
4294967279,531
4294967294,1494
4294967294,1413
4294967294,1493
4294967279,530
4294967294,1492
4294967279,529
4294967279,260
4294967279,0
4294967294,1491
4294967294,1490
4294967279,528
4294967294,1489
4294967279,527
4294967294,1488
4294967279,526
4294967294,1487
4294967294,1486
4294967279,525
4294967294,1485
4294967279,524
4294967294,1484
4294967294,1412
4294967279,523
4294967294,1483
4294967294,1482
4294967279,522
